BSP162	1,1,0005,27579 95535 27719 95540,POLYGON((27579 95540,27666 95540,27719 95535,27633 95535,27579 95540))
BSP162	1,2,0005,96217 33277 96265 33278,POLYGON((96217 33278,96254 33278,96265 33277,96227 33277,96217 33278))
BSP162	1,3,0005,96231 33272 96276 33273,POLYGON((96231 33273,96265 33273,96276 33272,96242 33272,96231 33273))
BSP162	1,4,0005,29914 95511 30088 95514,POLYGON((29914 95513,30052 95514,30088 95512,29950 95511,29914 95513))
BSP162	1,5,0005,29408 95511 29543 95515,POLYGON((29408 95514,29493 95515,29543 95512,29459 95511,29408 95514))
BSP162	1,6,0010,2072 94090 3971 94138,POLYGON((2072 94122,3107 94136,3671 94138,3765 94128,3971 94101,3797 94100,3336 94097,3359 94095,2374 94090,2072 94122))
BSP162	1,7,0005,89055 95903 89234 95907,POLYGON((89055 95904,89125 95907,89234 95906,89163 95903,89055 95904))
BSP162	1,8,0005,83454 62215 83847 62223,POLYGON((83454 62218,83518 62223,83847 62221,83790 62215,83454 62218))
BSP162	1,9,0009,96221 33377 96423 33381,POLYGON((96221 33379,96291 33380,96289 33380,96306 33380,96308 33380,96395 33381,96423 33379,96250 33377,96221 33379))
BSP162	1,10,0009,84296 67076 86073 67157,POLYGON((84296 67078,84375 67115,84736 67130,84691 67138,84792 67142,85896 67157,86073 67136,85806 67076,84296 67078))
BSP162	1,11,0005,97025 97167 97177 97172,POLYGON((97025 97171,97119 97172,97177 97168,97082 97167,97025 97171))
BSP162	1,12,0005,88295 99765 88402 99767,POLYGON((88295 99765,88313 99767,88402 99767,88384 99765,88295 99765))
BSP162	1,13,0010,96967 33406 97091 33409,POLYGON((96967 33407,97023 33409,97062 33409,97091 33408,97061 33407,97048 33407,97033 33406,97017 33407,97007 33406,96967 33407))
BSP162	1,14,0005,91896 95946 92070 95950,POLYGON((91896 95949,92038 95950,92070 95946,91927 95946,91896 95949))
BSP162	1,15,0005,67025 62932 67251 62936,POLYGON((67025 62934,67224 62936,67251 62933,67052 62932,67025 62934))
BSP162	1,16,0006,20773 49210 20853 49212,POLYGON((20773 49212,20840 49212,20850 49211,20853 49210,20785 49210,20773 49212))
BSP162	1,17,0005,66755 62925 66886 62929,POLYGON((66755 62929,66826 62929,66886 62926,66816 62925,66755 62929))
BSP162	1,18,0057,56162 62889 67488 63033,POLYGON((56162 62978,56677 62985,57613 62975,57648 62961,58543 62949,58933 62947,59660 62948,59892 62944,60630 62939,61293 62943,61905 62946,62484 62960,62979 62971,63227 62982,63598 62977,64111 62967,64487 62967,64120 62989,65074 62999,65630 63012,67474 63033,67488 63029,67463 63026,67414 63022,67311 63018,67207 63014,67150 63010,67155 63004,67224 62993,67279 62983,67311 62975,67341 62967,67376 62964,67415 62963,66556 62951,66328 62959,65969 62953,65665 62964,65307 62960,65812 62942,64723 62923,64805 62916,63959 62906,64113 62898,63397 62889,62145 62894,60949 62891,60071 62889,59000 62893,58276 62905,57978 62917,57561 62933,56793 62926,56961 62944,57225 62957,56473 62967,56162 62978))
BSP162	1,19,0007,68369 31708 68594 31711,POLYGON((68369 31708,68379 31711,68449 31711,68449 31710,68594 31710,68587 31708,68369 31708))
BSP162	1,20,0005,96558 33395 96626 33397,POLYGON((96558 33395,96594 33397,96626 33396,96590 33395,96558 33395))